Left below corner chessboard (test)
  position:
    x: 0.388173755816
    y: 0.268323682215
    z: 0.131660533427
  orientation:
    x: -0.922925511057
    y: 0.384663720076
    z: -0.0121754789692
    w: 0.0096995468427

ready state:
  position:
    x: 0.307015690168
    y: -0.000254705662673
    z: 0.590184127074
  orientation:
    x: -0.923784111518
    y: 0.382913565772
    z: -7.49426892048e-05
    w: 0.000332923376577
